DATASET:  VGRD_NLDAS_FORA0125_H.txt
['464', '224', '4', '2', '4', '2']
(2664, 2664)
[[     0.     8607.39  17212.21 ... 139548.72 136001.97 133422.53]
 [  8607.39      0.     8609.66 ... 140698.16 137197.66 134657.87]
 [ 17212.21   8609.66      0.   ... 142361.27 138918.96 136427.69]
 ...
 [139548.72 140698.16 142361.27 ...      0.    11885.    23764.68]
 [136001.97 137197.66 138918.96 ...  11885.        0.    11883.2 ]
 [133422.53 134657.87 136427.69 ...  23764.68  11883.2       0.  ]]
