DATASET:  CONVfrac_NLDAS_FORA0125_H.txt
['464', '224', '4', '2', '4', '2']
(2664, 2664)
[[   0.    227.43  412.31 ... 4571.04 5494.76 5515.21]
 [ 227.43    0.    351.75 ... 4573.3  5496.76 5517.2 ]
 [ 412.31  351.75    0.   ... 4585.88 5507.23 5527.63]
 ...
 [4571.04 4573.3  4585.88 ...    0.   4099.93 4353.79]
 [5494.76 5496.76 5507.23 ... 4099.93    0.   2527.18]
 [5515.21 5517.2  5527.63 ... 4353.79 2527.18    0.  ]]
