DATASET:  TMP_NLDAS_FORA0125_H.txt
['464', '224', '4', '2', '4', '2']
(2665, 2665)
[[     0.    24270.14  48538.1  ... 670140.84 656770.06 643758.76]
 [ 24270.14      0.    24269.61 ... 685183.61 671890.31 658951.3 ]
 [ 48538.1   24269.61      0.   ... 700745.19 687535.9  674675.91]
 ...
 [670140.84 685183.61 700745.19 ...      0.    20237.61  40472.79]
 [656770.06 671890.31 687535.9  ...  20237.61      0.    20237.16]
 [643758.76 658951.3  674675.91 ...  40472.79  20237.16      0.  ]]
