/home/users/caquijada/udec_doc/time_series/temporal/NASA/NLDAS_FORA0125_H/sim_temp_series.py:6: RuntimeWarning: invalid value encountered in sqrt
  return np.sqrt(np.sum((actual - predic) ** 2))
DATASET:  PRES_NLDAS_FORA0125_H.txt
['464', '224', '4', '2', '4', '2']
(2664, 2664)
[[      0.   1912837.42 3825758.45 ... 3930671.49 3838154.28 3977863.73]
 [1912837.42       0.   1912943.29 ... 3828611.7  3747669.63 3793156.92]
 [3825758.45 1912943.29       0.   ... 3737056.61 3705793.31 3619914.37]
 ...
 [3930671.49 3828611.7  3737056.61 ...       0.   1254375.26 2508858.02]
 [3838154.28 3747669.63 3705793.31 ... 1254375.26       0.   1254515.81]
 [3977863.73 3793156.92 3619914.37 ... 2508858.02 1254515.81       0.  ]]
