DATASET:  SPFH_NLDAS_FORA0125_H.txt
['464', '224', '4', '2', '4', '2']
(2664, 2664)
[[ 0.   12.37 16.79 ... 71.85 73.24 74.69]
 [12.37  0.   11.36 ... 72.14 73.48 74.91]
 [16.79 11.36  0.   ... 72.27 73.61 75.01]
 ...
 [71.85 72.14 72.27 ...  0.   17.64 24.68]
 [73.24 73.48 73.61 ... 17.64  0.   17.26]
 [74.69 74.91 75.01 ... 24.68 17.26  0.  ]]
