DATASET:  DLWRF_NLDAS_FORA0125_H.txt
['464', '224', '4', '2', '4', '2']
(2664, 2664)
[[0.00000000e+00 5.80930000e+02 1.13862000e+03 ... 2.94588858e+06
  2.94590562e+06 2.94592255e+06]
 [5.80930000e+02 0.00000000e+00 5.93470000e+02 ... 2.94583288e+06
  2.94584991e+06 2.94586682e+06]
 [1.13862000e+03 5.93470000e+02 0.00000000e+00 ... 2.94577634e+06
  2.94579336e+06 2.94581026e+06]
 ...
 [2.94588858e+06 2.94583288e+06 2.94577634e+06 ... 0.00000000e+00
  2.59530000e+02 4.53460000e+02]
 [2.94590562e+06 2.94584991e+06 2.94579336e+06 ... 2.59530000e+02
  0.00000000e+00 2.63080000e+02]
 [2.94592255e+06 2.94586682e+06 2.94581026e+06 ... 4.53460000e+02
  2.63080000e+02 0.00000000e+00]]
