DATASET:  UGRD_NLDAS_FORA0125_H.txt
['464', '224', '4', '2', '4', '2']
(2664, 2664)
[[     0.     9443.11  18878.8  ... 136611.54 135402.16 135272.18]
 [  9443.11      0.     9440.12 ... 135997.96 134715.77 134517.76]
 [ 18878.8    9440.12      0.   ... 136037.43 134688.34 134422.93]
 ...
 [136611.54 135997.96 136037.43 ...      0.    12117.61  24235.  ]
 [135402.16 134715.77 134688.34 ...  12117.61      0.    12120.84]
 [135272.18 134517.76 134422.93 ...  24235.    12120.84      0.  ]]
